1 314
5 314
7 314
11 314
15 314
15 314
18 314
24 314
24 314
27 314
30 314
33 314
36 314
40 314
45 314
45 314
49 314
52 314
57 314
58 314
63 314
66 314
67 314
70 314
72 314
75 314
79 314
82 314
84 314
89 314
90 314
94 314
98 314
100 314
104 314
107 314
110 314
114 314
116 314
117 314
122 314
126 314
127 314
131 314
135 314
138 314
139 314
141 314
146 314
148 314
152 314
155 314
158 314
160 314
165 314
167 314
171 314
173 314
175 314
179 314
183 314
185 314
188 314
191 314
192 314
195 314
199 314
201 314
206 314
207 314
210 314
214 314
218 314
222 314
223 314
227 314
228 314
232 314
236 314
239 314
243 314
243 314
248 314
252 314
255 314
258 314
258 314
261 314
267 314
268 314
272 314
274 314
279 314
280 314
282 314
287 314
290 314
292 314
297 314
300 314
